fdgsd

234
 2
 34
 23
 42
 35
 4345
 3265
 435
 623
 45
 234
 52
 334
  2
  34
  23
  42
  35
  4345
  3265
  435
  623
  45
  234
  52
  334
   2
   34
   23
   42
   35
   4345
   3265
   435
   623
   45
   234
   52
   334
    2
    34
    23
    42
    35
    4345
    3265
    435
    623
    45
    234
    52
    334
     2
     34
     23
     42
     35
     4345
     3265
     435
     623
     45
     234
     52
     334
      2
      34
      23
      42
      35
      4345
      3265
      435
      623
      45
      234
      52
      334
       2
       34
       23
       42
       35
       4345
       3265
       435
       623
       45
       234
       52
       334
        2
        34
        23
        42
        35
        4345
        3265
        435
        623
        45
        234
        52
        334
         2
         34
         23
         42
         35
         4345
         3265
         435
         623
         45
         234
         52
         334
          2
          34
          23
          42
          35
          4345
          3265
          435
          623
          45
          234
          52
          334
           2
           34
           23
           42
           35
           4345
           3265
           435
           623
           45
           234
           52
           334
            2
            34
            23
            42
            35
            4345
            3265
            435
            623
            45
            234
            52
            334
             2
             34
             23
             42
             35
             4345
             3265
             435
             623
             45
             234
             52
             334
              2
              34
              23
              42
              35
              4345
              3265
              435
              623
              45
              234
              52
              334
               2
               34
               23
               42
               35
               4345
               3265
               435
               623
               45
               234
               52
               334
                2
                34
                23
                42
                35
                4345
                3265
                435
                623
                45
                234
                52
                334
                 2
                 34
                 23
                 42
                 35
                 4345
                 3265
                 435
                 623
                 45
                 234
                 52
                 334
                  2
                  34
                  23
                  42
                  35
                  4345
                  3265
                  435
                  623
                  45
                  234
                  52
                  334
                   2
                   34
                   23
                   42
                   35
                   4345
                   3265
                   435
                   623
                   45
                   234
                   52
                   334
                    2
                    34
                    23
                    42
                    35
                    4345
                    3265
                    435
                    623
                    45
                    234
                    52
                    334
                     2
                     34
                     23
                     42
                     35
                     4345
                     3265
                     435
                     623
                     45
                     234
                     52
                     334
                      2
                      34
                      23
                      42
                      35
                      4345
                      3265
                      435
                      623
                      45
                      234
                      52
                      334
                       2
                       34
                       23
                       42
                       35
                       4345
                       3265
                       435
                       623
                       45
                       234
                       52
                       3